$ANSIBLE_VAULT;1.1;AES256
61393139653036376333366566383735323162623939666136306432366365353233366137653532
3863613836336466663961363262313037316335383433330a333532633434333437323930353738
63303835366636626263613835306137393262356136386136393562376136653633653064633763
6537366532373930380a326664666535313034383466323339656631356363316335333630366435
66623066336333666462616135366633323733326434323165303436663035616265633332626161
63643933333032336464383138353062396437616436333337326464633032386531646164343261
37633631323963663665303931346239613866653262336162656363613964363463343938353933
64633939353361313635353731356437356662343033333034636131616631383634396634643434
37646366656439386262336331646233396263343961353364316564343537646234643230356563
36346465383366353661656239656561623266336632393538346439633333313639646535653834
33353838373036323631356438643066613766376339663938323761383063383365643562646436
65616634373436643035343562353130626463323138396439353239373663343336663132373536
31326365383433383839316261313037303531313332313837633332346630666465616333353061
34306238353538613733353163376137326564626333366334313765326261643964306661353362
63336532383339653539386635356662303037636362653230366334353736356330656332363062
62316538353037346132626339376432316331613338633363346464643733356535643238343639
35623933353538323661303134623063386664353335623239666562363431323764633961356261
33613363306565356263653535613831653263653036643461393365306537373332316266363139
62356664386136313833616630633561666231633333343237316234353733323236616637653935
62386333343338353237323233616365633361313133396637616134326435613837393431313266
62633338353836333835646334353464396237343933303962633762656337336439343134623064
33326262356639366330643763366664666334643534373234386633623931313964303233383362
64613230646536343161633136323032636334326463643933373932623362666634393261303637
31613137383030363466346130393236623361373164316464623533346363626138633663396165
32636438376535343236636265633364323564313333623935653666383963383336393861326564
35353030303933326166303336356336623833353235383038626538633264366435326261306366
65353064323739353965666331323830633833396266306361656134376536353863613331303037
38323532666561383764363337376465323063383566613634626166396630623830663265616665
65376230633264643361373064623136663632303866303165383335633231333766616536323364
32613861383366623663376264353162623665616532303439383034326632346139333431353539
34316538366333306231353934333135663537383563336330333262303439303066656237383561
31343832303761653637313162663631333539663966623566626464663932366365373132323733
37306437663533643736313937303538353135653565653966633631636137363436326337386335
62643534636132643430373131346630386334303238373462333038366566633739653033363433
63336463366634303333333832353334643235343564313632653663633130346166313236396133
34623730316335366161303731653663306264633030383732626362393332633963646336343930
36366661323639373835353739316234643663356163333162633736643731666334333964636565
31383835366632633962633535623665336434663730646664373936353161653634323231343365
62333832333336643639313035326439353837383535396637656235656566636335303636626234
32333963363734613730356631383865626533633335333535316434663565626239343035323166
32633330303932643033376332356264383232326364343836343762313536373764373965653330
66383036623666316261373936366433363239373564356632353638356634353531303033323434
34393438663835626264363663373064313030353666633636646338363531653438376638633563
61353162663561653635643538303762663165633233396662313463323761316537633035356137
30626432666463636333316361376165613034306536663664333336613138363162356231613336
33396261623962666239636331393732386133393564383737616233373032316538346132646335
37343961626561346535336164613261343631653862346165663532663236623539373230336365
66346236663464663032323034666136383433323137336438656533373235323163623138313836
38666239316534326536316337316335666134653239663732623565643462333031366633373066
63653039383934633431653630643263346564663634616637663339333633646637306362333432
39343265643431653238666266333731663631343462376666383863636634333734333738643435
39383862323963356332623634626432333664393334623831346434653733363135346465663165
3133
